%YAML:1.0
---
camera_matrix: !!opencv-matrix
   rows: 3
   cols: 3
   dt: d
   data: [ 1.5707254869442506e+03, 0., 7.0306384190603478e+02, 0.,
       1.5695751159795175e+03, 3.5356849802869999e+02, 0., 0., 1. ]
distortion_coefficients: !!opencv-matrix
   rows: 1
   cols: 5
   dt: d
   data: [ -4.5905443105131294e-01, 1.2786538971123862e-01,
       -1.7968857835841936e-03, -7.6364996076794932e-03,
       2.9282155562421947e-01 ]
